%YAML:1.0
calibration_time: "Sun Mar 15 20:06:59 2015"
image_width: 1920
image_height: 1080
board_width: 9
board_height: 6
square_size: 2.8999999165534973e-02
# flags: +zero_tangent_dist
flags: 8
camera_matrix: !!opencv-matrix
   rows: 3
   cols: 3
   dt: d
   data: [ 1.7443120602005611e+03, 0., 9.6042916170258513e+02, 0.,
       1.7524407609650320e+03, 4.9070348666320513e+02, 0., 0., 1. ]
distortion_coefficients: !!opencv-matrix
   rows: 5
   cols: 1
   dt: d
   data: [ -6.0355406282545661e-02, 3.3647143331633977e-01, 0., 0.,
       -6.3486152842175292e-01 ]
avg_reprojection_error: 4.5925919526058012e-01
image_points: !!opencv-matrix
   rows: 20
   cols: 54
   dt: "2f"
   data: [ 8.67804871e+02, 3.43070587e+02, 9.28038147e+02,
       3.44732056e+02, 9.87903687e+02, 3.46693878e+02, 1.04801367e+03,
       3.48884094e+02, 1.10779456e+03, 3.51100433e+02, 1.16709045e+03,
       3.52914093e+02, 1.22683423e+03, 3.55298767e+02, 1.28620837e+03,
       3.56592987e+02, 1.34507910e+03, 3.58366699e+02, 8.65937927e+02,
       4.02796051e+02, 9.26274109e+02, 4.04087036e+02, 9.86664124e+02,
       4.05835480e+02, 1.04711401e+03, 4.08092010e+02, 1.10724585e+03,
       4.10087250e+02, 1.16694922e+03, 4.11725861e+02, 1.22798499e+03,
       4.13011719e+02, 1.28773389e+03, 4.14497864e+02, 1.34684778e+03,
       4.16460266e+02, 8.63937866e+02, 4.61798004e+02, 9.24744690e+02,
       4.63860352e+02, 9.85233398e+02, 4.65451935e+02, 1.04652563e+03,
       4.67212219e+02, 1.10701794e+03, 4.68870819e+02, 1.16733301e+03,
       4.70631866e+02, 1.22856812e+03, 4.72180603e+02, 1.28878198e+03,
       4.73358490e+02, 1.34851599e+03, 4.75017822e+02, 8.61869202e+02,
       5.21862793e+02, 9.23148621e+02, 5.23253357e+02, 9.84619446e+02,
       5.25015625e+02, 1.04595520e+03, 5.26918335e+02, 1.10705908e+03,
       5.28864075e+02, 1.16803064e+03, 5.30214111e+02, 1.22923340e+03,
       5.31964478e+02, 1.28988501e+03, 5.33251526e+02, 1.35063672e+03,
       5.34582458e+02, 8.59809753e+02, 5.82975830e+02, 9.21608398e+02,
       5.84662170e+02, 9.83294250e+02, 5.86057922e+02, 1.04529077e+03,
       5.87829529e+02, 1.10699438e+03, 5.89546387e+02, 1.16851245e+03,
       5.90970276e+02, 1.23027661e+03, 5.92642700e+02, 1.29124768e+03,
       5.93948303e+02, 1.35225513e+03, 5.95344910e+02, 8.57641907e+02,
       6.44790344e+02, 9.20256348e+02, 6.46507874e+02, 9.82428345e+02,
       6.48129456e+02, 1.04478723e+03, 6.49589844e+02, 1.10685071e+03,
       6.51248840e+02, 1.16863196e+03, 6.52817749e+02, 1.23104675e+03,
       6.54255981e+02, 1.29261743e+03, 6.55462036e+02, 1.35380859e+03,
       6.56921387e+02, 6.96277649e+02, 3.96051208e+02, 7.56682007e+02,
       4.00970764e+02, 8.16458679e+02, 4.06020142e+02, 8.76313721e+02,
       4.11477417e+02, 9.35075562e+02, 4.16919952e+02, 9.92848511e+02,
       4.21819305e+02, 1.05097327e+03, 4.27029022e+02, 1.10837537e+03,
       4.31337158e+02, 1.16498535e+03, 4.35888519e+02, 6.91404114e+02,
       4.55258270e+02, 7.52446472e+02, 4.59546326e+02, 8.12609802e+02,
       4.64698303e+02, 8.72884521e+02, 4.69803345e+02, 9.32137451e+02,
       4.74935516e+02, 9.90482910e+02, 4.79557251e+02, 1.04951270e+03,
       4.83767456e+02, 1.10735364e+03, 4.87747253e+02, 1.16454028e+03,
       4.92540314e+02, 6.86513672e+02, 5.14362732e+02, 7.48208679e+02,
       5.19146423e+02, 8.08894531e+02, 5.23554016e+02, 8.69661377e+02,
       5.28267578e+02, 9.29448669e+02, 5.32830383e+02, 9.88500183e+02,
       5.37152954e+02, 1.04782727e+03, 5.41372559e+02, 1.10620020e+03,
       5.45253601e+02, 1.16397693e+03, 5.49356262e+02, 6.81480042e+02,
       5.74517761e+02, 7.43698669e+02, 5.78637939e+02, 8.05386230e+02,
       5.82889282e+02, 8.66812134e+02, 5.87418579e+02, 9.27057434e+02,
       5.91721680e+02, 9.86674072e+02, 5.95800415e+02, 1.04648059e+03,
       5.99969055e+02, 1.10510193e+03, 6.03740540e+02, 1.16370850e+03,
       6.07513489e+02, 6.76477905e+02, 6.35889465e+02, 7.39362976e+02,
       6.39819397e+02, 8.01553772e+02, 6.43863220e+02, 8.63586792e+02,
       6.48005615e+02, 9.24523010e+02, 6.52138306e+02, 9.84864990e+02,
       6.55620361e+02, 1.04496362e+03, 6.59588013e+02, 1.10437439e+03,
       6.63258179e+02, 1.16326843e+03, 6.66911621e+02, 6.71473022e+02,
       6.98450439e+02, 7.34950867e+02, 7.02278992e+02, 7.97662048e+02,
       7.06105347e+02, 8.60309204e+02, 7.09763062e+02, 9.21989563e+02,
       7.13414673e+02, 9.82626343e+02, 7.17071350e+02, 1.04373523e+03,
       7.20465759e+02, 1.10343359e+03, 7.23685303e+02, 1.16273889e+03,
       7.27179565e+02, 9.14896973e+02, 3.06417511e+02, 9.74580750e+02,
       3.12038422e+02, 1.03422815e+03, 3.17791595e+02, 1.09364026e+03,
       3.24497498e+02, 1.15320679e+03, 3.30777374e+02, 1.21217383e+03,
       3.36710205e+02, 1.27114966e+03, 3.43102570e+02, 1.33012598e+03,
       3.48685211e+02, 1.38862048e+03, 3.54523712e+02, 9.09360229e+02,
       3.65341064e+02, 9.69164001e+02, 3.70671814e+02, 1.02911548e+03,
       3.76747833e+02, 1.08920215e+03, 3.83163818e+02, 1.14863684e+03,
       3.89354248e+02, 1.20797827e+03, 3.95160004e+02, 1.26851147e+03,
       4.00657349e+02, 1.32776624e+03, 4.06383270e+02, 1.38651880e+03,
       4.12374359e+02, 9.03539734e+02, 4.24099457e+02, 9.63960999e+02,
       4.30319153e+02, 1.02420618e+03, 4.36146759e+02, 1.08452637e+03,
       4.42088501e+02, 1.14499268e+03, 4.47731079e+02, 1.20453223e+03,
       4.53534851e+02, 1.26511963e+03, 4.59402191e+02, 1.32492957e+03,
       4.64795898e+02, 1.38444385e+03, 4.70652832e+02, 8.97792114e+02,
       4.83529907e+02, 9.58712341e+02, 4.89392853e+02, 1.01940277e+03,
       4.95120544e+02, 1.08030615e+03, 5.01305420e+02, 1.14083423e+03,
       5.07205139e+02, 1.20123328e+03, 5.12855164e+02, 1.26199487e+03,
       5.18714539e+02, 1.32209558e+03, 5.24472046e+02, 1.38229761e+03,
       5.29861816e+02, 8.91911804e+02, 5.44167236e+02, 9.53245483e+02,
       5.49856018e+02, 1.01444727e+03, 5.55604675e+02, 1.07591541e+03,
       5.61521301e+02, 1.13675464e+03, 5.67561401e+02, 1.19762878e+03,
       5.73300415e+02, 1.25893262e+03, 5.79126465e+02, 1.31950720e+03,
       5.84580566e+02, 1.37990491e+03, 5.90210205e+02, 8.85868652e+02,
       6.05289734e+02, 9.47828613e+02, 6.11215149e+02, 1.00945276e+03,
       6.16959839e+02, 1.07121533e+03, 6.22817444e+02, 1.13262866e+03,
       6.28625305e+02, 1.19389160e+03, 6.34431763e+02, 1.25573254e+03,
       6.40217346e+02, 1.31664832e+03, 6.45458862e+02, 1.37736975e+03,
       6.51380493e+02, 9.04966797e+02, 5.07479614e+02, 9.63310913e+02,
       5.11099121e+02, 1.02130157e+03, 5.14671936e+02, 1.07962830e+03,
       5.18681030e+02, 1.13800745e+03, 5.22575684e+02, 1.19580908e+03,
       5.26209961e+02, 1.25392029e+03, 5.29865662e+02, 1.31200012e+03,
       5.32768921e+02, 1.36943542e+03, 5.36352051e+02, 9.01206543e+02,
       5.65151917e+02, 9.60096802e+02, 5.68466675e+02, 1.01868347e+03,
       5.72129150e+02, 1.07757141e+03, 5.75987854e+02, 1.13636255e+03,
       5.79652344e+02, 1.19483801e+03, 5.83242432e+02, 1.25430994e+03,
       5.86428772e+02, 1.31265247e+03, 5.89448059e+02, 1.37082007e+03,
       5.93026428e+02, 8.97306335e+02, 6.22671692e+02, 9.56742249e+02,
       6.26554382e+02, 1.01601062e+03, 6.30036804e+02, 1.07575452e+03,
       6.33558716e+02, 1.13510034e+03, 6.37345154e+02, 1.19411169e+03,
       6.40913696e+02, 1.25399365e+03, 6.44233276e+02, 1.31307410e+03,
       6.47223999e+02, 1.37204541e+03, 6.50587463e+02, 8.93210938e+02,
       6.81452515e+02, 9.53502686e+02, 6.84907654e+02, 1.01359985e+03,
       6.88563965e+02, 1.07388367e+03, 6.92547668e+02, 1.13392603e+03,
       6.96277954e+02, 1.19370764e+03, 6.99685425e+02, 1.25393030e+03,
       7.03163391e+02, 1.31368042e+03, 7.06431396e+02, 1.37329248e+03,
       7.09514160e+02, 8.89363892e+02, 7.41973694e+02, 9.50217957e+02,
       7.45477112e+02, 1.01088275e+03, 7.48984070e+02, 1.07206555e+03,
       7.52823853e+02, 1.13272485e+03, 7.56657043e+02, 1.19297046e+03,
       7.59895386e+02, 1.25413000e+03, 7.63389709e+02, 1.31442993e+03,
